75 0.000198721357091
8686 0.000190205478321
9678 0.000188337048374
5104 0.00018779534425
725 0.000186793163631
3257 0.000185721642407
468 0.000184900195771
7730 0.000183938392007
7175 0.000183838928246
5526 0.000182843425465
8880 0.000182589240759
6165 0.000181381637798
2524 0.000179768112318
7531 0.000177955207003
9705 0.000177273571955
6674 0.000176715430527
5479 0.000176315287285
8730 0.000175446926195
5486 0.000174638000147
579 0.000174636519996
4969 0.000173954675069
5602 0.000173741745296
5467 0.00017349844385
1741 0.000173181350267
4499 0.000172231489822
3334 0.000172115440436
4561 0.000171797636219
43 0.0001716881721
9083 0.000171594561666
989 0.000170789197168
5919 0.00017036356638
7157 0.000169223949383
5883 0.000168874806597
646 0.00016811384888
9884 0.000168015685628
2414 0.000167870645035
486 0.000167678493582
6364 0.000167304284165
2387 0.000167216289883
2932 0.000167195685005
2588 0.000166905822335
1963 0.00016662894487
6147 0.000166013936092
4304 0.000165995969847
5142 0.000165700339399
5823 0.000165619326548
2229 0.000165610222034
3094 0.00016545796748
5029 0.00016541591571
8294 0.000165232498396
260 0.000165040348548
3331 0.000164997387152
5390 0.000164972095584
9674 0.000164796684609
5786 0.000164428531367
1506 0.000164330988844
4049 0.000163902006502
1750 0.000163900330962
2213 0.000163838830311
1932 0.000163792251245
3794 0.000163764671714
3790 0.000163753038632
1879 0.000163577422815
9768 0.000163379445761
9325 0.000163182240937
209 0.00016314496431
9106 0.000163099114686
6248 0.000162700111337
3029 0.000162626647083
9134 0.000162286083748
1486 0.00016226474764
2549 0.000162118998058
4613 0.000162029722144
40 0.000161910697208
3190 0.000161781447823
511 0.000161761231782
3350 0.000161624480827
9067 0.00016145191909
2711 0.000161165730319
664 0.000161143948349
5191 0.00016098799231
2180 0.000160935084438
9677 0.000160922141751
407 0.000160884692581
9817 0.000160757456667
6403 0.000160653525479
2880 0.000160451651448
1289 0.00016041218487
4602 0.000160365291633
9464 0.00016020210439
3534 0.000160195137568
9272 0.000159829860217
2123 0.000159680074094
2191 0.000159509187949
7887 0.000159399546353
3610 0.0001593948677
604 0.000159062070645
8160 0.000158965690603
9645 0.000158934906629
5206 0.000158829977563
